200 30
0 0 32 1
26 21 26 2
0 1 26 3
14 21 12 2
8 20 28 4
36 20 10 4
0 2 16 5
32 0 8 1
16 2 31 5
12 22 19 6
44 18 9 7
16 18 2 8
0 3 20 7
43 3 12 9
40 11 11 10
0 4 1 11
31 22 33 6
27 17 7 12
40 0 1 1
29 1 25 8
1 4 30 11
0 5 26 9
0 23 7 13
0 26 28 14
0 6 21 10
32 6 23 3
0 7 27 15
28 26 5 14
0 8 20 16
0 9 16 12
21 13 4 7
7 23 24 13
0 27 13 17
0 10 37 18
29 3 7 19
20 8 26 16
16 9 29 17
31 23 12 13
0 11 17 19
0 24 12 20
31 4 15 11
13 27 23 20
0 12 22 21
18 18 1 8
41 17 12 12
33 18 10 7
0 13 18 22
12 21 1 2
46 20 4 4
12 24 17 23
43 23 1 13
29 24 30 23
6 18 6 8
23 18 10 10
21 6 8 22
27 7 6 15
5 21 5 2
22 12 6 21
1 21 4 2
0 25 25 24
42 5 12 22
25 25 9 24
0 14 23 25
26 5 7 9
51 19 6 19
25 13 26 26
37 10 4 18
0 15 33 27
36 27 4 20
0 29 22 28
0 28 32 29
28 12 19 21
20 18 1 8
41 0 2 1
34 25 7 24
22 29 2 28
0 16 35 30
12 18 4 8
35 17 6 12
36 3 6 9
23 3 5 19
38 11 2 10
23 14 13 25
24 29 14 28
43 0 8 1
29 6 3 7
33 7 1 15
21 18 1 12
50 20 1 4
18 13 3 12
6 17 6 26
0 17 6 26
1 18 1 8
51 20 3 4
46 4 4 11
0 18 1 8
33 26 16 14
34 7 2 15
39 19 12 19
0 19 5 31
33 15 11 27
36 7 5 15
46 8 3 16
41 7 4 15
5 19 8 31
32 28 4 29
45 7 3 15
55 6 1 3
41 10 2 18
33 5 9 22
38 29 4 28
36 14 7 25
40 27 2 20
19 17 4 26
43 10 6 18
13 19 4 31
25 17 2 12
16 17 3 26
44 15 7 27
43 14 1 25
2 18 3 8
45 9 5 17
51 0 1 1
27 1 2 3
36 28 3 29
17 19 7 31
17 11 7 32
50 9 3 17
24 19 4 31
47 2 4 5
28 19 4 31
26 1 1 3
35 16 6 30
54 20 1 4
32 19 7 31
42 27 5 20
53 18 2 7
51 11 1 10
55 20 1 4
43 18 1 7
44 23 2 13
59 24 5 23
42 29 3 28
56 20 1 4
46 23 3 13
41 16 3 30
37 11 1 10
24 11 6 32
24 17 1 12
49 23 1 13
5 18 1 8
51 2 1 5
41 25 5 24
12 17 4 26
49 8 2 16
39 28 7 29
34 17 1 9
53 9 1 17
0 22 12 33
22 18 1 10
50 4 1 11
55 11 1 10
47 12 3 21
30 11 7 32
54 11 1 10
53 17 1 12
0 20 8 32
52 11 2 10
19 18 1 8
13 21 1 2
50 23 1 13
48 7 2 15
47 27 2 20
45 29 3 28
42 3 1 9
51 23 1 13
11 21 1 2
49 10 1 18
52 2 1 5
10 21 1 2
49 26 1 14
21 3 2 19
54 5 2 22
46 28 1 29
57 20 1 4
28 3 1 7
20 3 1 19
64 22 1 6
58 20 1 4
44 16 4 30
0 21 1 2
51 8 1 16
49 27 1 20
50 10 1 18
44 14 1 25
23 17 1 26
51 4 1 11
48 29 1 28
47 28 1 29
45 14 3 25
